%% formulas
%stress and strain using position (lengths)
stress = @(load,diamiter) load./( (diamiter/2)^2 *pi);
strain = @(delta_l, initial_length) ((delta_l)./initial_length);

% stress and strain using elongation

%% import load values
load_1045 = [4.5 4.4 4.9 5.5 6.2 6.2 6.2 6.7 7.1 7.9 8.4 8.8 8.9 8.9 9.7 10.5 11.2 11.6 11.5 12.1 12.9 13.9 14.0 14.0 14.6 16.3 16.8 16.8 16.9 18.0 19.5 19.9 19.9 20.5 21.6 23.3 23.3 23.9 25.5 27.2 27.2 27.2 29.3 30.7 31.2 31.2 34.1 34.9 34.8 35.8 37.9 38.5 38.5 40.4 41.6 41.8 41.8 43.2 44.7 44.6 44.4 44.4 44.3 44.3 44.2 44.1 44.1 44.1 44.0 44.0 43.9 43.9 43.9 43.9 43.8 43.8 43.7 43.7 43.7 43.7 43.6 43.6 43.6 43.5 43.5 43.5 43.5 43.4 43.4 43.4 43.4 43.3 43.3 43.3 43.3 43.2 43.2 43.2 43.2 43.1 43.1 43.1 43.1 43.1 43.0 43.0 43.0 43.0 42.9 42.9 42.9 44.6 46.4 46.2 48.1 47.9 47.9 49.4 49.0 48.8 50.1 49.6 50.5 50.4 49.7 49.7 50.8 49.9 49.7 49.5 50.3 50.3 49.8 50.5 50.3 49.8 50.3 50.6 49.8 49.8 50.5 49.5 49.3 50.4 49.4 49.0 49.9 48.5 48.6 48.3 46.9 47.1 45.8 44.8 44.5 44.4];
load_1018 = [0.2 0.7 1.2 1.2 1.2 1.2 1.6 2.1 2.7 3.0 3.5 3.8 4.4 4.7 4.7 5.0 5.4 5.7 6.1 6.2 6.2 6.5 6.9 7.3 8.1 8.5 9.0 9.0 9.0 9.2 9.8 10.4 10.6 10.9 11.1 11.5 11.7 12.0 12.3 12.2 12.2 12.4 12.6 12.7 12.9 13.0 13.1 13.3 13.4 13.6 13.7 14.3 14.9 15.3 15.4 15.4 15.4 15.8 16.4 17.0 17.6 18.3 18.6 19.0 19.0 19.5 19.9 20.8 21.7 22.5 22.4 23.0 24.6 25.6 26.6 27.1 27.0 27.7 28.4 29.7 30.1 30.7 31.1 31.1 31.7 32.4 34.3 35.1 35.3 35.2 35.5 35.7 36.1 37.2 37.4 37.6 37.4 37.3 37.3 37.2 37.1 37.1 37.1 37.0 37.0 36.9 36.9 36.9 36.9 36.8 36.8 36.8 36.8 36.7 36.7 36.7 36.7 36.6 36.6 36.6 36.5 36.5 36.5 36.5 36.5 37.9 38.5 38.8 38.8 38.5 38.4 38.8 39.2 39.0 39.0 39.3 38.8 39.4 39.5 39.3 39.0 38.6 38.5 39.4 39.0 38.2 37.9 38.1 37.9 36.7 36.3 36.4 36.2 35.3 34.9 35.0 33.8 32.9 32.8 30.1 29.9 29.4];
load_A6061 = [1.9 4.1 4.9 5.3 5.3 5.3 5.5 6.2 6.8 7.3 8.1 8.5 8.7 8.6 9.3 9.8 10.5 11.1 11.8 12.5 12.5 12.9 13.5 14.5 15.1 15.7 16.6 16.6 16.8 17.4 17.6 17.7 17.7 17.6 17.5 17.5 17.4 17.4 17.4 17.4 17.3 17.3 17.3 17.3 17.3 17.2 17.2 17.2 17.2 17.2 17.2 17.2 17.1 17.1 17.1 17.1 17.1 17.1 17.1 17.0 17.3 17.6 17.5 17.9 17.9 17.9 17.9 17.8 17.7 17.9 18.1 18.1 18.2 18.1 18.2 18.0 18.0 18.3 18.3 18.3 18.4 18.4 18.3 18.3 18.5 18.5 18.6 18.6 18.5 18.3 18.7 18.8 18.8 18.8 18.6 18.9 18.9 18.9 18.9 18.8 18.6 19.1 19.1 19.1 18.7 18.7 19.1 19.1 19.0 18.7 19.1 19.1 19.1 18.8 18.7 19.0 18.9 18.8 18.5 18.6 18.4 17.9 17.5 17.4 17.4 16.8 16.4 15.9 16.0 15.5 14.3 13.8 13.8 13.5 11.2];
load_1018HT = [0.1 0.2 0.3 0.4 0.4 0.5 0.6 0.8 1.1 1.3 1.4 1.8 2.7 3.0 3.0 3.0 3.0 3.0 3.0 3.0 3.0 3.0 3.0 3.0 3.1 3.5 4.2 4.5 4.6 4.6 4.7 4.8 4.9 4.9 4.9 5.0 5.0 5.1 5.1 5.2 5.3 5.4 5.4 5.5 5.5 5.6 5.7 5.8 5.8 6.0 6.0 6.1 6.1 6.2 6.3 6.3 6.4 6.4 6.5 6.6 6.6 6.7 6.7 7.0 7.1 7.1 7.2 7.2 7.4 7.5 7.6 7.6 7.6 7.6 7.6 7.6 7.6 7.8 7.8 7.9 7.9 8.0 8.0 8.1 8.1 8.2 8.2 8.3 8.3 8.4 8.4 8.5 8.6 8.6 8.7 8.9 8.9 9.0 9.0 9.1 9.2 9.3 9.4 9.4 9.5 9.6 9.7 9.8 9.9 10.1 10.2 10.3 10.4 10.5 10.6 10.7 10.8 10.9 11.2 11.3 11.5 11.6 11.7 11.8 11.8 11.7 11.7 11.7 11.7 11.8 11.9 12.1 12.2 12.3 12.4 12.6 12.8 12.9 13.0 13.1 13.1 13.3 13.4 13.5 13.6 13.6 13.8 13.9 13.9 13.8 13.6 13.6 13.6 13.7 13.7 13.8 13.9 14.0 14.0 14.1 14.0 14.0 14.0 13.9 13.9 13.9 13.9 13.8 13.8 13.8 13.8 13.8 13.7 13.7 13.7 13.7 13.6 13.6 13.6 13.6 13.6 13.6 13.5 13.5 13.5 13.5 13.5 13.4 13.4 13.4 13.4 13.4 13.4 13.3 13.3 13.3 13.3 13.3 13.3 13.3 13.2 13.2 13.2 13.2 13.2 13.2 13.2 13.2 13.1 13.1 13.1 13.1 13.1 13.1 13.1 13.2 13.4 13.5 13.6 13.7 13.8 13.8 13.8 13.9 14.0 14.1 14.2 14.1 14.0 14.0 13.9 13.9 13.9 14.2 14.3 14.3 14.3 14.3 14.3 14.2 14.2 14.1 14.1 14.0 13.9 13.9 13.9 13.8 13.8 13.9 14.0 14.0 14.0 13.8 13.7 13.7 13.9 13.9 13.9 13.9 14.2 14.2 14.3 14.4 14.6 15.0 14.9 14.8 14.7 14.6 14.9 14.9 14.9 14.8 14.7 14.6 14.5 14.5 14.4 14.5 14.4 14.3 14.2 14.1 14.1 14.1 14.2 14.2 14.2 14.2 14.1 14.1 14.1 14.1 14.2 14.1 13.9 14.0 14.1 14.2 14.3 14.6 14.9 14.9 14.7 14.6 14.5 14.4 14.4 14.5 14.5 14.6 14.6 14.7 14.8 14.9 15.0 15.1 15.1 15.2 15.3 15.3 15.4 15.4 15.5 15.5 15.6 15.6 15.7 15.9 15.9 16.0 16.2 16.4 16.2 16.1 16.1 16.1 17.6 17.7 17.4 17.3 17.7 18.8 18.5 18.4 19.0 19.5 19.3 20.0 20.6 20.2 20.2 21.2 21.2 20.8 20.8 22.0 21.5 21.4 22.3 22.0 21.9 22.9 22.7 22.3 23.4 22.9 22.7 23.2 23.8 23.0 23.8 23.9 23.4 24.3 23.7 24.0 24.5 23.9 24.6 24.1 24.5 24.8 24.6 24.8 24.4 24.8 25.0 24.5 25.2 24.6 24.6 24.7 24.6 25.4 24.7 24.8 24.7 24.5 24.4 24.4 25.5 24.7 25.5 25.0 24.7 25.3 24.8 24.8 25.5 24.9 25.5 25.0 24.7 25.6 24.8 25.4 25.4 25.3 25.0 24.7 25.5 24.8 24.9 25.2 24.7 24.9 24.5 24.9 24.9 24.4 24.8 24.2 24.5 24.1 23.6 24.0 22.6 22.8 21.4 21.2 21.1 21.1 21.0 21.0 21.0 21.2 21.0 19.9 19.7 19.6 19.6 19.3 17.0 16.7 16.6 16.7];

% gauge extention (elastic region) Q2
elasticdl_1045 = [-0.025 -0.025 -0.027 -0.028 -0.028 -0.028 -0.028 -0.029 -0.029 -0.030 -0.030 -0.030 -0.030 -0.032 -0.033 -0.036 -0.036 -0.036 -0.036 -0.038 -0.039 -0.042 -0.042 -0.042 -0.044 -0.047 -0.050 -0.050 -0.050 -0.052 -0.055 -0.056 -0.056 -0.058 -0.062 -0.066 -0.066 -0.069 -0.074 -0.077 -0.077 -0.079 -0.085 -0.091 -0.091 -0.093 -0.105 -0.110 -0.110 -0.119 -0.144 -0.149 -0.150 -0.175 -0.206 -0.216 -0.221 -0.264 -0.307 -0.316 -0.319 -0.321 -0.323 -0.324 -0.324 -0.325 -0.325 -0.326 -0.326 -0.326 -0.326 -0.406].*-1;
elasticdl_1018 = [0.000 0.000 -0.003 -0.003 -0.003 -0.003 -0.003 -0.004 -0.006 -0.008 -0.009 -0.010 -0.011 -0.013 -0.013 -0.015 -0.017 -0.017 -0.019 -0.019 -0.019 -0.020 -0.022 -0.024 -0.027 -0.029 -0.030 -0.030 -0.030 -0.032 -0.034 -0.036 -0.037 -0.038 -0.039 -0.041 -0.041 -0.043 -0.044 -0.044 -0.044 -0.044 -0.044 -0.044 -0.046 -0.046 -0.047 -0.048 -0.048 -0.050 -0.050 -0.051 -0.055 -0.056 -0.056 -0.057 -0.057 -0.058 -0.060 -0.064 -0.065 -0.069 -0.069 -0.071 -0.071 -0.072 -0.074 -0.077 -0.081 -0.085 -0.085 -0.088 -0.093 -0.099 -0.104 -0.107 -0.107 -0.110 -0.116 -0.123 -0.130 -0.135 -0.140 -0.142 -0.147 -0.159 -0.189 -0.225 -0.241 -0.245 -0.250 -0.257] .*-1;
elasticdl_A6061 = [-0.038 -0.058 -0.062 -0.065 -0.065 -0.065 -0.067 -0.070 -0.074 -0.079 -0.083 -0.088 -0.088 -0.088 -0.093 -0.099 -0.104 -0.110 -0.117 -0.122 -0.122 -0.127 -0.136 -0.144 -0.150 -0.163].*-1;
elasticdl_1018HT = [-0.019 -0.022 -0.023 -0.023 -0.024 -0.025 -0.032 -0.036 -0.038 -0.039 -0.043 -0.044 -0.044 -0.046 -0.046 -0.046 -0.046 -0.046 -0.046 -0.046 -0.046 -0.046 -0.046 -0.046 -0.046 -0.046 -0.046 -0.044 -0.044 -0.043 -0.043 -0.043 -0.042 -0.042 -0.042 -0.042 -0.042 -0.041 -0.041 -0.041 -0.041 -0.039 -0.039 -0.039 -0.039 -0.039 -0.039 -0.038 -0.038 -0.037 -0.037 -0.037 -0.036 -0.036 -0.036 -0.036 -0.036 -0.036 -0.036 -0.036 -0.036 -0.034 -0.034 -0.034 -0.033 -0.033 -0.033 -0.033 -0.033 -0.033 -0.033 -0.032 -0.032 -0.032 -0.032 -0.032 -0.032 -0.032 -0.032 -0.032 -0.032 -0.032 -0.032 -0.030 -0.030 -0.030 -0.030 -0.030 -0.030 -0.030 -0.030 -0.030 -0.030 -0.030 -0.030 -0.030 -0.030 -0.030 -0.029 -0.029 -0.029 -0.029 -0.029 -0.029 -0.028 -0.028 -0.028 -0.028 -0.028 -0.028 -0.027 -0.027 -0.027 -0.027 -0.027 -0.027 -0.025 -0.025 -0.025 -0.025 -0.025 -0.025 -0.025 -0.025 -0.025 -0.025 -0.025 -0.025 -0.025 -0.025 -0.025 -0.025 -0.025 -0.025 -0.025 -0.025 -0.025 -0.025 -0.025 -0.025 -0.025 -0.025 -0.025 -0.025 -0.025 -0.025 -0.030 -0.037 -0.048 -0.055 -0.052 -0.047 -0.044 -0.041 -0.039 -0.038 -0.036 -0.036 -0.034 -0.033 -0.032 -0.030 -0.030 -0.030 -0.029 -0.029 -0.028 -0.028 -0.028 -0.027 -0.027 -0.027 -0.027 -0.027 -0.025 -0.025 -0.025 -0.023].*-1;

% overall extentionp Q1
